# GIMP colorrc
# 
# This file holds a list of recently used colors.

(color-history
    (color-rgba 0.22745098039215686 0.35294117647058826 0.25098039215686274 1)
    (color-rgba 0.34509804844856262 0.5058823823928833 0.34117648005485535 1)
    (color-rgba 0.20392156862745098 0.30588235294117649 0.25490196078431371 1)
    (color-rgba 0.63921568627450975 0.69411764705882351 0.54117647058823526 1)
    (color-rgba 0.85490196078431369 0.84313725490196079 0.80392156862745101 1)
    (color-rgba 0.74117648601531982 0.87843143939971924 0.9960784912109375 1)
    (color-rgba 1 0.78431379795074463 0.86666673421859741 1)
    (color-rgba 0.63529413938522339 0.82352948188781738 1 1)
    (color-rgba 0.80392163991928101 0.70588237047195435 0.85882359743118286 1)
    (color-rgba 1 0.68627452850341797 0.80000007152557373 1)
    (color-rgba 1 1 1 1)
    (color-rgba 0.25098039215686274 0.36078431372549019 0.51764705882352946 1)
    (color-rgba 0.25098039215686274 0.26666666666666666 0.6588235294117647 1)
    (color-rgba 0.18823529411764706 0.18823529411764706 0.75294117647058822 1)
    (color-rgba 0 0 0.94117647058823528 1)
    (color-rgba 0.31372549019607843 0.31372549019607843 0.62745098039215685 1)
    (color-rgba 0.8784313725490196 0.17254901960784313 0.015686274509803921 1)
    (color-rgba 0.8784313725490196 0.72156862745098038 0.062745098039215685 1)
    (color-rgba 0.8784313725490196 0.83137254901960789 0.062745098039215685 1)
    (color-rgba 0.18823531270027161 0.51764708757400513 0.31372550129890442 1)
    (color-rgba 0.56470588235294117 0.37647058823529411 0 1)
    (color-rgba 0.18823531270027161 0.75294125080108643 0 1)
    (color-rgba 0.12549020349979401 0.67450982332229614 0.17254902422428131 1)
    (color-rgba 0.12549020349979401 0.53333336114883423 0.32941177487373352 1)
    (color-rgba 0.56470590829849243 0.42352944612503052 0.078431375324726105 1)
    (color-rgba 0 0.56470588235294117 0.37647058823529411 1)
    (color-rgba 0.69019607843137254 0.69019607843137254 0.25098039215686274 1)
    (color-rgba 0.50196078431372548 0.50196078431372548 0.4392156862745098 1)
    (color-rgba 0.69019607843137254 0.58039215686274515 0.18823529411764706 1)
    (color-rgba 0.94117647058823528 0.69019607843137254 0 1)
    (color-rgba 0 0.25098039215686274 0.69019607843137254 1)
    (color-rgba 0.18823529411764706 0.32941176470588235 0.56470588235294117 1)
    (color-rgba 0.25098039215686274 0 0.34509803921568627 1)
    (color-rgba 0.7686274509803922 0.69019607843137254 0.094117647058823528 1)
    (color-rgba 0.45490196078431372 0 0.61176470588235299 1)
    (color-rgba 0.9882352941176471 0.9882352941176471 0.59607843137254901 1)
    (color-rgba 0.37647058823529411 0 0.50196078431372548 1)
    (color-rgba 0 0 0 1)
    (color-rgba 0.66666668653488159 0.3333333432674408 0 1)
    (color-rgba 1 1 0.33333333333333331 1)
    (color-rgba 1 0.33333333333333331 0.33333333333333331 1)
    (color-rgba 0.66666666666666663 0.66666666666666663 0.66666666666666663 1)
    (color-rgba 0.66666666666666663 0 0 1)
    (color-rgba 1 0.33333333333333331 1 1)
    (color-rgba 0.33333333333333331 1 1 1)
    (color-rgba 0.33333333333333331 1 0.33333333333333331 1)
    (color-rgba 0 0.66666666666666663 0 1)
    (color-rgba 0.33333333333333331 0.33333333333333331 1 1)
    (color-rgba 0.80000007152557373 0.58823531866073608 0.69411766529083252 1)
    (color-rgba 0.70196080207824707 0.58039218187332153 0.80000007152557373 1)
    (color-rgba 0.58039218187332153 0.60392159223556519 0.80784320831298828 1)
    (color-rgba 0.58039218187332153 0.76862752437591553 0.82745105028152466 1)
    (color-rgba 0.87450987100601196 0.89803928136825562 0.57254904508590698 1)
    (color-rgba 0.57647058823529407 0.84705882352941175 0.72549019607843135 1)
    (color-rgba 0.59999999999999998 0.8666666666666667 0.5725490196078431 1)
    (color-rgba 1 0.6470588235294118 0.37647058823529411 1)
    (color-rgba 0.88627457618713379 0.56862747669219971 0.56862747669219971 1)
    (color-rgba 0.396078431372549 0.41960784313725491 1 1)
    (color-rgba 1 0.396078431372549 0.51764705882352946 1)
    (color-rgba 1 0.39607846736907959 0.39607846736907959 1)
    (color-rgba 0.80000000000000004 0.64313725490196083 0.59999999999999998 1)
    (color-rgba 0.67843137254901964 0.396078431372549 1 1)
    (color-rgba 1 0.396078431372549 0.95686274509803926 1)
    (color-rgba 0.41960784313725491 1 0.38823529411764707 1)
    (color-rgba 1 0 1 1)
    (color-rgba 0.62745098039215685 0.26666666666666666 0.42352941176470588 1)
    (color-rgba 0.81568627450980391 0.70588235294117652 0.90980392156862744 1)
    (color-rgba 0.2196078431372549 0.4392156862745098 0.62745098039215685 1)
    (color-rgba 0.32941176470588235 0.40784313725490196 0.56470588235294117 1)
    (color-rgba 0.83137254901960789 0.70588235294117652 0.92549019607843142 1)
    (color-rgba 0.80000000000000004 0.80000000000000004 0.80000000000000004 1)
    (color-rgba 0.59999999999999998 0.59999999999999998 0.59999999999999998 1)
    (color-rgba 0.40000000000000002 0.40000000000000002 0.40000000000000002 1)
    (color-rgba 0 1 0 1)
    (color-rgba 1 0 0 1)
    (color-rgba 0 0 1 1)
    (color-rgba 0.26666668057441711 0.26666668057441711 0.26666668057441711 1)
    (color-rgba 0.84210526315789469 0.70108285066733789 0 1)
    (color-rgba 0.26699844002723694 0.26699844002723694 0.26699844002723694 1)
    (color-rgba 0.41626794258373201 0.41626794258373201 0.41626794258373201 1)
    (color-rgba 0.091133874955846003 0.096168238644141882 0.61722488038277512 1)
    (color-rgba 0.9960784912109375 0.92156869173049927 0.84313732385635376 1)
    (color-rgba 1 0.11409395973154357 0.36842105263157909 1)
    (color-rgba 0.99521531100478466 0.92097603906540848 0.84159147105102594 1)
    (color-rgba 0.54509806632995605 0.364705890417099 0.31372550129890442 1)
    (color-rgba 0.073825503355704702 1 0.28552253116011517 1)
    (color-rgba 0.8035714285714286 0.18721750445144481 0.12943432406519653 1)
    (color-rgba 0.63422818791946312 0.80318312559923299 0.90000000000000002 1)
    (color-rgba 0.87450987100601196 0.94509810209274292 0.9490196704864502 1)
    (color-rgba 0.74117648601531982 0.65882354974746704 0.47843140363693237 1)
    (color-rgba 0.29411765933036804 0.30980393290519714 0.39607846736907959 1)
    (color-rgba 0.34117648005485535 0.11372549831867218 0.85098046064376831 1)
    (color-rgba 0.15294118225574493 0.60000002384185791 0.42745101451873779 1)
    (color-rgba 0.70588237047195435 0.54509806632995605 0.27450981736183167 1)
    (color-rgba 0.48928571428571432 0.36450143815915625 0.36450143815915625 1)
    (color-rgba 0.92941182851791382 0.85215692073106786 0.15686275064945224 1)
    (color-rgba 0.80392163991928101 0.18823531270027161 0.12941177189350128 1)
    (color-rgba 0.99642857142857144 0.99642857142857144 0.99642857142857144 1)
    (color-rgba 0.29266538830297223 0.30971219695932067 0.39642857142857146 1)
    (color-rgba 0.70714285714285707 0.54518813803979294 0.27526366251198464 1)
    (color-rgba 0.27780441035474596 0.43571428571428572 0.31389809615121217 1)
    (color-rgba 0.92941182851791382 0.28735632183908044 0.37931034482758619 1)
    (color-rgba 0.54642857142857149 0.36489693192713329 0.31538830297219567 1)
    (color-rgba 0.36428571428571432 0.27138063279002878 0.27138063279002878 1)
    (color-rgba 0.92941182851791382 0.85215692073106786 0.33333333333333326 1)
    (color-rgba 0.1098039299249649 0.32156863808631897 0.24705883860588074 1)
    (color-rgba 0.92941182851791382 0.85215692073106786 0.56321839080459768 1)
    (color-rgba 0.15686275064945221 0.41960787773132324 0.32941177487373352 1)
    (color-rgba 0.21568629145622253 0.59607845544815063 0.46274513006210327 1)
    (color-rgba 0.24313727021217346 0.49411767721176147 0.83137261867523193 1)
    (color-rgba 0.64705884456634521 0.27058824896812439 0.27058824896812439 1)
    (color-rgba 0.70588237047195435 0.45098042488098145 0.44313728809356689 1)
    (color-rgba 0.54285714285714293 0.22224352828379676 0.22224352828379676 1)
    (color-rgba 0.026893576222435298 0.078571428571428625 0.038705656759348062 1)
    (color-rgba 0.64642857142857135 0.26898370086289541 0.26898370086289541 1)
    (color-rgba 0.15838926174496643 0.42142857142857137 0.32922923298975543 1)
    (color-rgba 0.11001917545541703 0.3214285714285714 0.24732631472815617 1)
    (color-rgba 0.18431372940540314 0.78039222955703735 0.79215693473815918 1)
    (color-rgba 0.22745099663734436 0.50980395078659058 0.21176472306251526 1)
    (color-rgba 0.9960784912109375 0.9960784912109375 0.9960784912109375 1)
    (color-rgba 0.84313732385635376 0.60784316062927246 0.25882354378700256 1)
    (color-rgba 0.26021093000958773 0.31847555129434302 0.84285714285714286 1)
    (color-rgba 0.84285714285714286 0.6097986577181207 0.26021093000958773 1)
    (color-rgba 0.22742209971236824 0.51071428571428568 0.21251198465963564 1)
    (color-rgba 0.31728307766059449 0.63928571428571423 0.30033557046979864 1)
    (color-rgba 0.18624161073825501 0.7798582385974524 0.79285714285714282 1)
    (color-rgba 0.88235300779342651 0.68235296010971069 0.3490196168422699 1)
    (color-rgba 0.72857142857142865 0.39439254896589498 0.27871524448705659 1)
    (color-rgba 0.43892446240241084 0.24688398849472673 0.73571428571428577 1)
    (color-rgba 0.48438227640049325 0.23394055608820705 0.87142857142857144 1)
    (color-rgba 0.88214285714285712 0.68042562662648942 0.34930488974113133 1)
    (color-rgba 0.54117649793624878 0.46666669845581055 0.87843143939971924 1)
    (color-rgba 0.92941182851791382 0.28735632183908044 0.1954022988505747 1)
    (color-rgba 0.92941182851791382 0.28735632183908044 0.56321839080459768 1)
    (color-rgba 0.036433365292425704 0.2857142857142857 0.093411861388850853 1)
    (color-rgba 0.059779482262703756 0.30714285714285716 0.11631968223531025 1)
    (color-rgba 0.011073825503355717 0.23571428571428577 0.06242021640871117 1)
    (color-rgba 0.061265580057526359 0.25357142857142856 0.10522120257498974 1)
    (color-rgba 0.10906040268456373 0.32499999999999996 0.15841802492809201 1)
    (color-rgba 0.20323585810162989 0.49642857142857144 0.27025133543350227 1)
    (color-rgba 0.84705889225006104 0.15686275064945221 0.92941182851791382 1)
    (color-rgba 0.15686275064945221 0.41960787773132324 0.59215688705444336 1)
    (color-rgba 0.7137255072593689 0.043137256056070328 0.41960787773132324 1)
    (color-rgba 0.34012224352828369 0.11409395973154364 0.84999999999999998 1)
    (color-rgba 0.92941182851791382 0.16470588743686676 0.9490196704864502 1)
    (color-rgba 0.027450982481241226 0.46274513006210327 0.49411767721176147 1)
    (color-rgba 0.0078431377187371254 0.66274511814117432 0.090196080505847931 1)
    (color-rgba 0.77647066116333008 0.011764707043766975 0.011764707043766975 1)
    (color-rgba 0.57309683604985595 0.13616970278044102 0.88214285714285712 1)
    (color-rgba 0.92759348034515821 0.16577181208053687 0.94999999999999996 1)
    (color-rgba 0.026462128475551312 0.46287460621832638 0.49285714285714288 1)
    (color-rgba 0.0089165867689357508 0.66428571428571437 0.088497123681687148 1)
    (color-rgba 0.77500000000000002 0.010402684563758374 0.010402684563758374 1))

# end of colorrc
